62, NULL
21, NULL
41, NULL
43, NULL
44, NULL
45, NULL
46, NULL
47, NULL
48, NULL
49, NULL
50, NULL
51, NULL
52, NULL
53, NULL
54, NULL
55, Single, 0, 0, 84, 127, 90, 70, 118, 64
56, NULL
57, NULL
58, NULL
59, NULL
39, Drums, 35, 67
	1, 1, 0, 35, 127, 127, 127, 120, 64
	1, 1, 0, 35, 127, 127, 127, 120, 64
	1, 1, 0, 35, 127, 127, 127, 120, 64
	1, 1, 0, 35, 127, 127, 127, 120, 64
	1, 2, 0, 41, 127, 127, 127, 120, 30
	1, 2, 0, 41, 127, 127, 127, 120, 30
	1, 2, 0, 41, 127, 127, 127, 120, 30
	1, 3, 0, 42, 127, 100, 0, 120, 80
	1, 4, 0, 43, 127, 127, 127, 120, 40
	1, 4, 0, 43, 127, 127, 127, 120, 40
	1, 5, 0, 45, 127, 127, 127, 120, 50
	1, 6, 0, 46, 127, 102, 0, 120, 80
	1, 7, 0, 47, 127, 127, 127, 120, 100
	1, 7, 0, 47, 127, 127, 127, 120, 100
	1, 8, 0, 52, 127, 100, 0, 114, 64
	1, 8, 0, 52, 127, 100, 0, 114, 64
	1, 8, 0, 52, 127, 100, 0, 114, 64
	1, 9, 0, 53, 127, 70, 0, 110, 20
	1, 9, 0, 53, 127, 70, 0, 110, 20
	1, 9, 0, 53, 127, 70, 0, 110, 20
	1, 8, 0, 57, 127, 80, 0, 114, 36
	1, 8, 0, 57, 127, 80, 0, 114, 36
	1, 8, 0, 57, 127, 80, 0, 114, 36
	1, 8, 0, 57, 127, 80, 0, 114, 102
	1, 8, 0, 57, 127, 80, 0, 114, 102
	1, 8, 0, 57, 127, 80, 0, 114, 102
	1, 8, 0, 57, 127, 80, 0, 114, 102
	1, 8, 0, 57, 127, 80, 0, 114, 102
	1, 10, 0, 67, 127, 100, 90, 120, 26
	1, 10, 0, 67, 127, 100, 90, 120, 26
	1, 10, 0, 67, 127, 100, 90, 120, 26
	1, 10, 0, 67, 127, 100, 90, 120, 26
	1, 10, 0, 67, 127, 100, 90, 120, 26
40, NULL
60, NULL
13, NULL
1, NULL
19, NULL
36, NULL
31, NULL
25, NULL
63, Keysplit, 127, 0, 0, 0, 0, 0, 0, 0
	1, 11, 0, 60, 127, 120, 127, 120, 64
34, NULL
18, NULL
17, Keysplit, 47, 60, 72, 127, 0, 0, 0, 0
	1, 12, 0, 40, 127, 30, 1, 120, 64
	1, 13, 0, 48, 127, 30, 1, 120, 64
	1, 14, 0, 64, 127, 30, 1, 120, 64
	1, 15, 0, 76, 127, 30, 1, 120, 64
11, NULL
16, NULL
3, NULL
4, NULL
32, NULL
20, NULL
9, NULL
0, Keysplit, 43, 55, 67, 79, 127, 0, 0, 0
	1, 16, 0, 36, 127, 75, 1, 110, 64
	1, 17, 0, 48, 127, 75, 1, 110, 64
	1, 18, 0, 60, 127, 75, 1, 116, 64
	1, 19, 0, 72, 127, 80, 1, 116, 64
	1, 20, 0, 84, 127, 85, 1, 116, 64
27, NULL
42, NULL
6, NULL
10, NULL
14, NULL
33, NULL
2, NULL
37, Keysplit, 67, 76, 82, 127, 0, 0, 0, 0
	1, 21, 0, 60, 127, 80, 40, 116, 64
	1, 22, 0, 72, 127, 80, 40, 116, 64
	1, 23, 0, 79, 127, 80, 40, 116, 64
	1, 24, 0, 84, 127, 80, 40, 116, 64
12, NULL
35, NULL
26, NULL
15, NULL
23, Keysplit, 65, 74, 83, 127, 0, 0, 0, 0
	1, 25, 0, 60, 127, 100, 110, 118, 64
	1, 26, 0, 69, 127, 100, 110, 118, 64
	1, 27, 0, 77, 122, 100, 110, 118, 64
	1, 28, 0, 84, 122, 100, 110, 118, 64
22, Keysplit, 43, 127, 0, 0, 0, 0, 0, 0
	1, 29, 0, 36, 127, 125, 120, 120, 64
	1, 30, 0, 48, 127, 125, 120, 120, 64
38, NULL
28, NULL
61, NULL
30, NULL
29, NULL
8, NULL
5, NULL
24, NULL
7, Keysplit, 65, 74, 127, 0, 0, 0, 0, 0
	1, 31, 0, 60, 127, 80, 40, 118, 64
	1, 32, 0, 69, 127, 80, 40, 118, 64
	1, 33, 0, 77, 127, 80, 60, 118, 64
