21, NULL
41, NULL
43, NULL
44, NULL
45, NULL
46, NULL
47, NULL
48, NULL
49, NULL
50, NULL
51, NULL
52, NULL
53, NULL
54, NULL
55, NULL
56, NULL
57, NULL
58, NULL
59, NULL
39, Drums, 38, 48
	1, 0, 0, 38, 127, 127, 127, 120, 64
	1, 0, 0, 38, 127, 127, 127, 120, 64
	1, 0, 0, 38, 127, 127, 127, 120, 64
	1, 0, 0, 38, 127, 127, 127, 120, 64
	1, 0, 0, 38, 127, 127, 127, 120, 64
	1, 0, 0, 38, 127, 127, 127, 120, 64
	1, 1, 0, 48, 127, 90, 0, 114, 64
	1, 1, 0, 48, 127, 90, 0, 114, 64
	1, 1, 0, 48, 127, 90, 0, 114, 64
	1, 1, 0, 48, 127, 90, 0, 114, 64
	1, 1, 0, 48, 127, 90, 0, 114, 64
40, NULL
13, NULL
1, NULL
19, NULL
36, NULL
31, NULL
25, NULL
34, Keysplit, 60, 69, 127, 0, 0, 0, 0, 0
	1, 2, 0, 55, 127, 100, 90, 114, 64
	1, 3, 0, 64, 127, 100, 90, 114, 64
	1, 4, 0, 72, 127, 100, 90, 114, 64
18, NULL
17, NULL
11, NULL
16, NULL
3, NULL
4, NULL
32, NULL
20, NULL
9, NULL
0, NULL
27, NULL
42, NULL
6, NULL
10, NULL
14, NULL
33, NULL
2, NULL
37, NULL
12, NULL
35, Keysplit, 65, 74, 81, 127, 0, 0, 0, 0
	1, 5, 0, 60, 127, 90, 100, 118, 64
	1, 6, 0, 69, 127, 90, 90, 118, 64
	1, 7, 0, 77, 127, 90, 90, 118, 64
	1, 8, 0, 84, 127, 90, 70, 118, 64
26, NULL
15, NULL
23, Keysplit, 65, 74, 83, 127, 0, 0, 0, 0
	1, 9, 0, 60, 127, 100, 110, 118, 64
	1, 10, 0, 69, 127, 100, 110, 118, 64
	1, 11, 0, 77, 122, 100, 110, 118, 64
	1, 12, 0, 84, 122, 100, 110, 118, 64
22, NULL
38, NULL
28, Keysplit, 55, 67, 127, 0, 0, 0, 0, 0
	1, 13, 0, 55, 127, 60, 40, 118, 64
	1, 14, 0, 60, 127, 60, 40, 118, 64
	1, 15, 0, 67, 127, 60, 40, 118, 64
30, Keysplit, 48, 57, 127, 0, 0, 0, 0, 0
	1, 16, 0, 43, 127, 100, 100, 116, 64
	1, 17, 0, 52, 127, 100, 100, 116, 64
	1, 18, 0, 60, 127, 100, 100, 116, 64
29, Keysplit, 65, 74, 127, 0, 0, 0, 0, 0
	1, 19, 0, 60, 127, 100, 110, 116, 64
	1, 20, 0, 69, 127, 100, 110, 116, 64
	1, 21, 0, 79, 127, 110, 110, 116, 64
8, NULL
5, NULL
24, NULL
7, NULL
